1,258; 1,221; 1,205; 1,217; 1,221; 1,22; 1,2360001; 1,213; 1,22; 1,213; 1,216; 1,2179999; 1,211; 1,222; 1,215; 1,239; 1,213; 1,203; 1,205; 1,213;
0,724; 0,715; 0,71; 0,712; 0,709; 0,714; 0,714; 0,709; 0,709; 0,715; 0,718; 0,709; 0,71; 0,709; 0,709; 0,714; 0,712; 0,708; 0,714; 0,705;
0,395; 0,396; 0,389; 0,392; 0,403; 0,392; 0,393; 0,391; 0,392; 0,392; 0,393; 0,395; 0,393; 0,393; 0,415; 0,395; 0,404; 0,392; 0,393; 0,407;
0,223; 0,217; 0,218; 0,218; 0,22; 0,217; 0,219; 0,218; 0,217; 0,217; 0,22; 0,218; 0,22; 0,22; 0,216; 0,223; 0,218; 0,218; 0,224; 0,217;
0,617; 0,625; 0,619; 0,625; 0,609; 0,629; 0,625; 0,622; 0,632; 0,619; 0,64; 0,619; 0,632; 0,637; 0,619; 0,619; 0,619; 0,621; 0,618; 0,619;
0,639; 0,613; 0,61; 0,61; 0,611; 0,608; 0,606; 0,61; 0,614; 0,612; 0,612; 0,616; 0,641; 0,616; 0,617; 0,629; 0,614; 0,61; 0,624; 0,618;
0,122; 0,121; 0,121; 0,121; 0,122; 0,122; 0,121; 0,124; 0,121; 0,132; 0,123; 0,121; 0,12; 0,121; 0,122; 0,122; 0,12; 0,122; 0,124; 0,121;
0,196; 0,2; 0,197; 0,204; 0,195; 0,196; 0,198; 0,195; 0,196; 0,197; 0,197; 0,196; 0,196; 0,199; 0,195; 0,198; 0,197; 0,2; 0,198; 0,196;
0,068; 0,068; 0,071; 0,067; 0,067; 0,067; 0,066; 0,067; 0,067; 0,067; 0,067; 0,067; 0,066; 0,067; 0,068; 0,069; 0,069; 0,068; 0,067; 0,068;
0,037; 0,037; 0,037; 0,037; 0,037; 0,037; 0,037; 0,037; 0,038; 0,037; 0,038; 0,037; 0,038; 0,038; 0,037; 0,037; 0,037; 0,037; 0,037; 0,037;
0,444; 0,44; 0,438; 0,441; 0,441; 0,44; 0,438; 0,437; 0,436; 0,44; 0,438; 0,44; 0,456; 0,44; 0,436; 0,444; 0,441; 0,438; 0,441; 0,437;
0,293; 0,294; 0,289; 0,291; 0,289; 0,303; 0,294; 0,289; 0,288; 0,288; 0,287; 0,288; 0,29; 0,291; 0,291; 0,29; 0,288; 0,288; 0,292; 0,287;
0,085; 0,086; 0,083; 0,083; 0,084; 0,083; 0,083; 0,084; 0,083; 0,085; 0,084; 0,083; 0,083; 0,084; 0,083; 0,083; 0,082; 0,084; 0,083; 0,083;
0,157; 0,168; 0,155; 0,158; 0,156; 0,155; 0,155; 0,173; 0,156; 0,158; 0,158; 0,156; 0,155; 0,157; 0,156; 0,156; 0,155; 0,158; 0,155; 0,156;
1,237; 1,23; 1,222; 1,226; 1,219; 1,222; 1,215; 1,216; 1,2179999; 1,242; 1,217; 1,228; 1,243; 1,216; 1,235; 1,214; 1,224; 1,229; 1,223; 1,235;
0,73; 0,72; 0,712; 0,728; 0,733; 0,719; 0,723; 0,719; 0,737; 0,739; 0,726; 0,744; 0,717; 0,727; 0,723; 0,725; 0,733; 0,728; 0,731; 0,732;
0,426; 0,422; 0,437; 0,427; 0,422; 0,423; 0,422; 0,43; 0,426; 0,43; 0,426; 0,423; 0,423; 0,425; 0,421; 0,426; 0,426; 0,425; 0,43; 0,42;
0,231; 0,229; 0,229; 0,23; 0,227; 0,226; 0,229; 0,228; 0,228; 0,228; 0,23; 0,23; 0,227; 0,231; 0,226; 0,229; 0,229; 0,229; 0,233; 0,229;
0,575; 0,581; 0,567; 0,584; 0,567; 0,565; 0,576; 0,56; 0,566; 0,563; 0,589; 0,57; 0,587; 0,579; 0,562; 0,581; 0,566; 0,587; 0,581; 0,572;
0,571; 0,567; 0,575; 0,568; 0,567; 0,565; 0,568; 0,581; 0,565; 0,57; 0,571; 0,571; 0,574; 0,569; 0,572; 0,576; 0,571; 0,568; 0,571; 0,569;
0,119; 0,119; 0,118; 0,119; 0,118; 0,119; 0,119; 0,119; 0,12; 0,121; 0,119; 0,118; 0,122; 0,119; 0,119; 0,118; 0,118; 0,119; 0,119; 0,118;
0,199; 0,199; 0,198; 0,198; 0,202; 0,197; 0,199; 0,198; 0,2; 0,2; 0,199; 0,199; 0,199; 0,199; 0,199; 0,199; 0,207; 0,2; 0,204; 0,198;
0,075; 0,071; 0,072; 0,074; 0,072; 0,071; 0,072; 0,071; 0,072; 0,072; 0,075; 0,072; 0,072; 0,074; 0,073; 0,074; 0,072; 0,074; 0,071; 0,072;
0,039; 0,039; 0,04; 0,039; 0,039; 0,039; 0,04; 0,039; 0,039; 0,039; 0,039; 0,039; 0,039; 0,039; 0,039; 0,039; 0,039; 0,039; 0,039; 0,04;
1,179; 1,186; 1,182; 1,179; 1,177; 1,183; 1,188; 1,178; 1,1800001; 1,171; 1,185; 1,186; 1,178; 1,1800001; 1,2; 1,181; 1,187; 1,194; 1,175; 1,188;
0,711; 0,725; 0,713; 0,709; 0,711; 0,713; 0,718; 0,704; 0,706; 0,708; 0,713; 0,708; 0,716; 0,714; 0,712; 0,715; 0,712; 0,708; 0,713; 0,709;
0,401; 0,391; 0,392; 0,391; 0,39; 0,394; 0,389; 0,391; 0,391; 0,392; 0,394; 0,392; 0,396; 0,394; 0,392; 0,394; 0,392; 0,397; 0,394; 0,4;
0,229; 0,222; 0,222; 0,222; 0,219; 0,222; 0,219; 0,221; 0,219; 0,22; 0,222; 0,221; 0,22; 0,222; 0,219; 0,223; 0,221; 0,221; 0,222; 0,22;
0,45; 0,427; 0,448; 0,441; 0,429; 0,435; 0,425; 0,431; 0,43; 0,429; 0,446; 0,427; 0,437; 0,433; 0,427; 0,442; 0,427; 0,424; 0,446; 0,431;
0,261; 0,257; 0,257; 0,26; 0,265; 0,256; 0,268; 0,258; 0,255; 0,255; 0,257; 0,256; 0,256; 0,256; 0,269; 0,255; 0,257; 0,256; 0,257; 0,255;
0,081; 0,08; 0,08; 0,079; 0,08; 0,08; 0,079; 0,08; 0,08; 0,079; 0,08; 0,079; 0,08; 0,079; 0,08; 0,08; 0,079; 0,083; 0,079; 0,08;
0,146; 0,145; 0,145; 0,146; 0,145; 0,145; 0,145; 0,149; 0,146; 0,147; 0,145; 0,145; 0,145; 0,146; 0,145; 0,146; 0,145; 0,145; 0,146; 0,145;
0,778; 0,773; 0,781; 0,777; 0,774; 0,774; 0,778; 0,77; 0,767; 0,766; 0,776; 0,778; 0,775; 0,772; 0,769; 0,771; 0,781; 0,776; 0,775; 0,781;
0,463; 0,46; 0,457; 0,461; 0,464; 0,459; 0,465; 0,473; 0,459; 0,467; 0,46; 0,454; 0,46; 0,457; 0,457; 0,458; 0,458; 0,458; 0,458; 0,457;
0,142; 0,141; 0,141; 0,14; 0,153; 0,141; 0,141; 0,14; 0,139; 0,142; 0,141; 0,14; 0,14; 0,139; 0,143; 0,139; 0,142; 0,141; 0,139; 0,143;
0,253; 0,248; 0,252; 0,25; 0,248; 0,251; 0,247; 0,249; 0,25; 0,255; 0,248; 0,25; 0,247; 0,249; 0,25; 0,246; 0,248; 0,246; 0,249; 0,246;
0,443; 0,443; 0,437; 0,432; 0,43; 0,433; 0,434; 0,431; 0,438; 0,432; 0,433; 0,454; 0,435; 0,432; 0,433; 0,433; 0,436; 0,445; 0,433; 0,434;
0,268; 0,263; 0,263; 0,264; 0,265; 0,268; 0,265; 0,265; 0,267; 0,265; 0,264; 0,264; 0,265; 0,264; 0,267; 0,266; 0,267; 0,266; 0,264; 0,261;
0,088; 0,085; 0,086; 0,085; 0,085; 0,086; 0,086; 0,085; 0,086; 0,087; 0,086; 0,086; 0,085; 0,085; 0,088; 0,086; 0,086; 0,085; 0,086; 0,086;
0,157; 0,151; 0,151; 0,149; 0,153; 0,154; 0,151; 0,153; 0,15; 0,153; 0,149; 0,149; 0,15; 0,15; 0,15; 0,152; 0,15; 0,15; 0,15; 0,15;
0,6; 0,592; 0,594; 0,593; 0,591; 0,614; 0,595; 0,6; 0,587; 0,611; 0,596; 0,597; 0,617; 0,596; 0,591; 0,597; 0,594; 0,596; 0,597; 0,59;
0,781; 0,768; 0,769; 0,769; 0,77; 0,783; 0,772; 0,763; 0,787; 0,768; 0,77; 0,77; 0,775; 0,77; 0,772; 0,774; 0,764; 0,768; 0,773; 0,766;
0,457; 0,457; 0,452; 0,468; 0,458; 0,456; 0,45; 0,45; 0,45; 0,458; 0,458; 0,454; 0,454; 0,468; 0,45; 0,473; 0,456; 0,454; 0,467; 0,453;
0,159; 0,163; 0,159; 0,16; 0,159; 0,161; 0,162; 0,16; 0,16; 0,159; 0,16; 0,162; 0,159; 0,159; 0,161; 0,161; 0,16; 0,162; 0,16; 0,16;
0,268; 0,268; 0,271; 0,269; 0,266; 0,268; 0,274; 0,272; 0,272; 0,267; 0,269; 0,268; 0,267; 0,266; 0,27; 0,269; 0,268; 0,268; 0,269; 0,271;
0,822; 0,814; 0,822; 0,812; 0,818; 0,817; 0,814; 0,817; 0,804; 0,809; 0,814; 0,817; 0,807; 0,815; 0,818; 0,818; 0,815; 0,827; 0,813; 0,817;
0,466; 0,463; 0,461; 0,458; 0,458; 0,461; 0,461; 0,46; 0,461; 0,46; 0,457; 0,464; 0,46; 0,458; 0,467; 0,458; 0,457; 0,458; 0,46; 0,46;
0,148; 0,146; 0,149; 0,146; 0,147; 0,147; 0,146; 0,146; 0,147; 0,148; 0,147; 0,146; 0,148; 0,147; 0,151; 0,148; 0,145; 0,146; 0,147; 0,145;
0,284; 0,278; 0,292; 0,281; 0,283; 0,284; 0,277; 0,288; 0,278; 0,283; 0,283; 0,279; 0,28; 0,28; 0,282; 0,279; 0,279; 0,28; 0,279; 0,28;
0,122; 0,121; 0,121; 0,121; 0,121; 0,12; 0,12; 0,121; 0,121; 0,122; 0,121; 0,12; 0,129; 0,121; 0,12; 0,121; 0,121; 0,121; 0,121; 0,12;
0,214; 0,219; 0,199; 0,202; 0,204; 0,201; 0,202; 0,2; 0,202; 0,204; 0,201; 0,221; 0,202; 0,202; 0,202; 0,203; 0,21; 0,209; 0,203; 0,202;
0,072; 0,07; 0,069; 0,069; 0,071; 0,071; 0,071; 0,07; 0,07; 0,07; 0,07; 0,071; 0,07; 0,07; 0,07; 0,069; 0,07; 0,07; 0,07; 0,071;
0,04; 0,039; 0,039; 0,039; 0,039; 0,04; 0,039; 0,039; 0,039; 0,039; 0,039; 0,039; 0,039; 0,039; 0,039; 0,039; 0,039; 0,039; 0,039; 0,039;