9; 200; -40; 81; 58;
9; 200; -80; 81; 45;
18; 200; -40; 167; 120;
18; 200; -80; 141; 74;
35; 200; -40; 53; 29;
35; 200; -80; 71; 30;
20; 300; -120; 46; 25;
20; 300; -60; 307; 232;
55; 300; -120; 167; 89;
55; 300; -60; 54; 42;
58; 300; -120; 122; 71;
58; 300; -60; 163; 127;
55; 400; -160; 165; 95;
55; 400; -80; 267; 197;
62; 400; -160; 88; 46;
62; 400; -80; 335; 263;
68; 400; -160; 149; 79;
68; 400; -80; 214; 165;
10; 500; -100; 298; 234;
10; 500; -200; 357; 205;
25; 500; -100; 309; 240;
25; 500; -200; 232; 153;
53; 500; -100; 181; 142;
53; 500; -200; 307; 185;

59; 500; -2; 449; 432;
113; 500; -8; 404; 395;
144; 500; -12; 163; 154;
28; 500; -18; 227; 211;
34; 500; -32; 378; 358;

18; 200; +80; 194; 174;
35; 200; +80; 133; 119;
9; 200; +80; 216; 201;
10; 500; +200; 481; 461;
20; 300; +120; 256; 243;
25; 500; +200; 467; 445;
53; 500; +200; 458; 428;
55; 300; +120; 40; 26;
58; 300; +120; 311; 292;
62; 400; +160; 303; 284;
68; 400; +160; 306; 287;

10; 500; +50; 320; 266;
18; 200; +20; 160; 123;
20; 300; +30; 265; 239;
25; 500; +50; 308; 274;
35; 200; +20; 164; 134;
53; 500; +50; 239; 202;
55; 300; +30; 86; 69;
55; 400; +160; 337; 324;
55; 400; +40; 195; 157;
58; 300; +30; 139; 125;
62; 400; +40; 156; 136;
68; 400; +40; 209; 176;
9; 200; +20; 173; 136;

01.293
00.730
00.408
00.232
00.629
00.637
00.125
00.202
00.070
00.038
00.446
00.304
00.085
00.161
01.256
00.757
00.435
00.235
00.579
00.587
00.122
00.207
00.075
00.040
01.204
00.721
00.403
00.226
00.440
00.263
00.082
00.149
00.811
00.466
00.143
00.256
00.444
00.269
00.088
00.155
00.607
00.786
00.461
00.163
00.280
00.833
00.470
00.152
00.288
00.129
00.204
00.072
00.040